{
 "cells": [
  {
   "cell_type": "code",
   "execution_count": 1,
   "metadata": {},
   "outputs": [],
   "source": [
    "import pandas as pd\n",
    "import numpy as np\n",
    "\n",
    "import matplotlib.pyplot as plt\n",
    "import seaborn as sns\n",
    "\n",
    "\n",
    "import statsmodels.api as sm\n",
    "import statsmodels.formula.api as smf\n",
    "import statsmodels.stats.api as sms\n",
    "from statsmodels.formula.api import ols\n",
    "import scipy.stats as stats\n",
    "\n",
    "from sklearn.linear_model import LinearRegression\n",
    "from sklearn.metrics import mean_squared_error\n",
    "from sklearn.model_selection import train_test_split, cross_val_score\n",
    "\n",
    "\n",
    "import os\n",
    "\n",
    "from math import sqrt"
   ]
  },
  {
   "cell_type": "code",
   "execution_count": 2,
   "metadata": {
    "scrolled": true
   },
   "outputs": [
    {
     "data": {
      "text/html": [
       "<div>\n",
       "<style scoped>\n",
       "    .dataframe tbody tr th:only-of-type {\n",
       "        vertical-align: middle;\n",
       "    }\n",
       "\n",
       "    .dataframe tbody tr th {\n",
       "        vertical-align: top;\n",
       "    }\n",
       "\n",
       "    .dataframe thead th {\n",
       "        text-align: right;\n",
       "    }\n",
       "</style>\n",
       "<table border=\"1\" class=\"dataframe\">\n",
       "  <thead>\n",
       "    <tr style=\"text-align: right;\">\n",
       "      <th></th>\n",
       "      <th>id</th>\n",
       "      <th>date</th>\n",
       "      <th>price</th>\n",
       "      <th>bedrooms</th>\n",
       "      <th>bathrooms</th>\n",
       "      <th>sqft_living</th>\n",
       "      <th>sqft_lot</th>\n",
       "      <th>floors</th>\n",
       "      <th>waterfront</th>\n",
       "      <th>view</th>\n",
       "      <th>...</th>\n",
       "      <th>grade</th>\n",
       "      <th>sqft_above</th>\n",
       "      <th>sqft_basement</th>\n",
       "      <th>yr_built</th>\n",
       "      <th>yr_renovated</th>\n",
       "      <th>zipcode</th>\n",
       "      <th>lat</th>\n",
       "      <th>long</th>\n",
       "      <th>sqft_living15</th>\n",
       "      <th>sqft_lot15</th>\n",
       "    </tr>\n",
       "  </thead>\n",
       "  <tbody>\n",
       "    <tr>\n",
       "      <td>0</td>\n",
       "      <td>7129300520</td>\n",
       "      <td>10/13/2014</td>\n",
       "      <td>221900.0</td>\n",
       "      <td>3</td>\n",
       "      <td>1.00</td>\n",
       "      <td>1180</td>\n",
       "      <td>5650</td>\n",
       "      <td>1.0</td>\n",
       "      <td>NaN</td>\n",
       "      <td>0.0</td>\n",
       "      <td>...</td>\n",
       "      <td>7</td>\n",
       "      <td>1180</td>\n",
       "      <td>0.0</td>\n",
       "      <td>1955</td>\n",
       "      <td>0.0</td>\n",
       "      <td>98178</td>\n",
       "      <td>47.5112</td>\n",
       "      <td>-122.257</td>\n",
       "      <td>1340</td>\n",
       "      <td>5650</td>\n",
       "    </tr>\n",
       "    <tr>\n",
       "      <td>1</td>\n",
       "      <td>6414100192</td>\n",
       "      <td>12/9/2014</td>\n",
       "      <td>538000.0</td>\n",
       "      <td>3</td>\n",
       "      <td>2.25</td>\n",
       "      <td>2570</td>\n",
       "      <td>7242</td>\n",
       "      <td>2.0</td>\n",
       "      <td>0.0</td>\n",
       "      <td>0.0</td>\n",
       "      <td>...</td>\n",
       "      <td>7</td>\n",
       "      <td>2170</td>\n",
       "      <td>400.0</td>\n",
       "      <td>1951</td>\n",
       "      <td>1991.0</td>\n",
       "      <td>98125</td>\n",
       "      <td>47.7210</td>\n",
       "      <td>-122.319</td>\n",
       "      <td>1690</td>\n",
       "      <td>7639</td>\n",
       "    </tr>\n",
       "    <tr>\n",
       "      <td>2</td>\n",
       "      <td>5631500400</td>\n",
       "      <td>2/25/2015</td>\n",
       "      <td>180000.0</td>\n",
       "      <td>2</td>\n",
       "      <td>1.00</td>\n",
       "      <td>770</td>\n",
       "      <td>10000</td>\n",
       "      <td>1.0</td>\n",
       "      <td>0.0</td>\n",
       "      <td>0.0</td>\n",
       "      <td>...</td>\n",
       "      <td>6</td>\n",
       "      <td>770</td>\n",
       "      <td>0.0</td>\n",
       "      <td>1933</td>\n",
       "      <td>NaN</td>\n",
       "      <td>98028</td>\n",
       "      <td>47.7379</td>\n",
       "      <td>-122.233</td>\n",
       "      <td>2720</td>\n",
       "      <td>8062</td>\n",
       "    </tr>\n",
       "    <tr>\n",
       "      <td>3</td>\n",
       "      <td>2487200875</td>\n",
       "      <td>12/9/2014</td>\n",
       "      <td>604000.0</td>\n",
       "      <td>4</td>\n",
       "      <td>3.00</td>\n",
       "      <td>1960</td>\n",
       "      <td>5000</td>\n",
       "      <td>1.0</td>\n",
       "      <td>0.0</td>\n",
       "      <td>0.0</td>\n",
       "      <td>...</td>\n",
       "      <td>7</td>\n",
       "      <td>1050</td>\n",
       "      <td>910.0</td>\n",
       "      <td>1965</td>\n",
       "      <td>0.0</td>\n",
       "      <td>98136</td>\n",
       "      <td>47.5208</td>\n",
       "      <td>-122.393</td>\n",
       "      <td>1360</td>\n",
       "      <td>5000</td>\n",
       "    </tr>\n",
       "    <tr>\n",
       "      <td>4</td>\n",
       "      <td>1954400510</td>\n",
       "      <td>2/18/2015</td>\n",
       "      <td>510000.0</td>\n",
       "      <td>3</td>\n",
       "      <td>2.00</td>\n",
       "      <td>1680</td>\n",
       "      <td>8080</td>\n",
       "      <td>1.0</td>\n",
       "      <td>0.0</td>\n",
       "      <td>0.0</td>\n",
       "      <td>...</td>\n",
       "      <td>8</td>\n",
       "      <td>1680</td>\n",
       "      <td>0.0</td>\n",
       "      <td>1987</td>\n",
       "      <td>0.0</td>\n",
       "      <td>98074</td>\n",
       "      <td>47.6168</td>\n",
       "      <td>-122.045</td>\n",
       "      <td>1800</td>\n",
       "      <td>7503</td>\n",
       "    </tr>\n",
       "  </tbody>\n",
       "</table>\n",
       "<p>5 rows × 21 columns</p>\n",
       "</div>"
      ],
      "text/plain": [
       "           id        date     price  bedrooms  bathrooms  sqft_living  \\\n",
       "0  7129300520  10/13/2014  221900.0         3       1.00         1180   \n",
       "1  6414100192   12/9/2014  538000.0         3       2.25         2570   \n",
       "2  5631500400   2/25/2015  180000.0         2       1.00          770   \n",
       "3  2487200875   12/9/2014  604000.0         4       3.00         1960   \n",
       "4  1954400510   2/18/2015  510000.0         3       2.00         1680   \n",
       "\n",
       "   sqft_lot  floors  waterfront  view  ...  grade  sqft_above  sqft_basement  \\\n",
       "0      5650     1.0         NaN   0.0  ...      7        1180            0.0   \n",
       "1      7242     2.0         0.0   0.0  ...      7        2170          400.0   \n",
       "2     10000     1.0         0.0   0.0  ...      6         770            0.0   \n",
       "3      5000     1.0         0.0   0.0  ...      7        1050          910.0   \n",
       "4      8080     1.0         0.0   0.0  ...      8        1680            0.0   \n",
       "\n",
       "  yr_built  yr_renovated  zipcode      lat     long  sqft_living15  sqft_lot15  \n",
       "0     1955           0.0    98178  47.5112 -122.257           1340        5650  \n",
       "1     1951        1991.0    98125  47.7210 -122.319           1690        7639  \n",
       "2     1933           NaN    98028  47.7379 -122.233           2720        8062  \n",
       "3     1965           0.0    98136  47.5208 -122.393           1360        5000  \n",
       "4     1987           0.0    98074  47.6168 -122.045           1800        7503  \n",
       "\n",
       "[5 rows x 21 columns]"
      ]
     },
     "execution_count": 2,
     "metadata": {},
     "output_type": "execute_result"
    }
   ],
   "source": [
    "df = pd.read_csv('kc_house_data.csv')\n",
    "\n",
    "df.head()"
   ]
  },
  {
   "cell_type": "code",
   "execution_count": 75,
   "metadata": {},
   "outputs": [
    {
     "data": {
      "text/html": [
       "<div>\n",
       "<style scoped>\n",
       "    .dataframe tbody tr th:only-of-type {\n",
       "        vertical-align: middle;\n",
       "    }\n",
       "\n",
       "    .dataframe tbody tr th {\n",
       "        vertical-align: top;\n",
       "    }\n",
       "\n",
       "    .dataframe thead th {\n",
       "        text-align: right;\n",
       "    }\n",
       "</style>\n",
       "<table border=\"1\" class=\"dataframe\">\n",
       "  <thead>\n",
       "    <tr style=\"text-align: right;\">\n",
       "      <th></th>\n",
       "      <th>id</th>\n",
       "      <th>price</th>\n",
       "      <th>bedrooms</th>\n",
       "      <th>bathrooms</th>\n",
       "      <th>sqft_living</th>\n",
       "      <th>sqft_lot</th>\n",
       "      <th>floors</th>\n",
       "      <th>waterfront</th>\n",
       "      <th>view</th>\n",
       "      <th>condition</th>\n",
       "      <th>grade</th>\n",
       "      <th>sqft_above</th>\n",
       "      <th>yr_built</th>\n",
       "      <th>yr_renovated</th>\n",
       "      <th>zipcode</th>\n",
       "      <th>lat</th>\n",
       "      <th>long</th>\n",
       "      <th>sqft_living15</th>\n",
       "      <th>sqft_lot15</th>\n",
       "      <th>year</th>\n",
       "    </tr>\n",
       "  </thead>\n",
       "  <tbody>\n",
       "    <tr>\n",
       "      <td>id</td>\n",
       "      <td>1.000000</td>\n",
       "      <td>-0.016772</td>\n",
       "      <td>0.001150</td>\n",
       "      <td>0.005162</td>\n",
       "      <td>-0.012241</td>\n",
       "      <td>-0.131911</td>\n",
       "      <td>0.018608</td>\n",
       "      <td>-0.004176</td>\n",
       "      <td>0.011592</td>\n",
       "      <td>-0.023803</td>\n",
       "      <td>0.008188</td>\n",
       "      <td>-0.010799</td>\n",
       "      <td>0.021617</td>\n",
       "      <td>-0.012010</td>\n",
       "      <td>-0.008211</td>\n",
       "      <td>-0.001798</td>\n",
       "      <td>0.020672</td>\n",
       "      <td>-0.002701</td>\n",
       "      <td>-0.138557</td>\n",
       "      <td>0.009915</td>\n",
       "    </tr>\n",
       "    <tr>\n",
       "      <td>price</td>\n",
       "      <td>-0.016772</td>\n",
       "      <td>1.000000</td>\n",
       "      <td>0.308787</td>\n",
       "      <td>0.525906</td>\n",
       "      <td>0.701917</td>\n",
       "      <td>0.089876</td>\n",
       "      <td>0.256804</td>\n",
       "      <td>0.276295</td>\n",
       "      <td>0.395734</td>\n",
       "      <td>0.036056</td>\n",
       "      <td>0.667951</td>\n",
       "      <td>0.605368</td>\n",
       "      <td>0.053953</td>\n",
       "      <td>0.129599</td>\n",
       "      <td>-0.053402</td>\n",
       "      <td>0.306692</td>\n",
       "      <td>0.022036</td>\n",
       "      <td>0.585241</td>\n",
       "      <td>0.082845</td>\n",
       "      <td>0.003727</td>\n",
       "    </tr>\n",
       "    <tr>\n",
       "      <td>bedrooms</td>\n",
       "      <td>0.001150</td>\n",
       "      <td>0.308787</td>\n",
       "      <td>1.000000</td>\n",
       "      <td>0.514508</td>\n",
       "      <td>0.578212</td>\n",
       "      <td>0.032471</td>\n",
       "      <td>0.177944</td>\n",
       "      <td>-0.002386</td>\n",
       "      <td>0.078523</td>\n",
       "      <td>0.026496</td>\n",
       "      <td>0.356563</td>\n",
       "      <td>0.479386</td>\n",
       "      <td>0.155670</td>\n",
       "      <td>0.018495</td>\n",
       "      <td>-0.154092</td>\n",
       "      <td>-0.009951</td>\n",
       "      <td>0.132054</td>\n",
       "      <td>0.393406</td>\n",
       "      <td>0.030690</td>\n",
       "      <td>-0.009949</td>\n",
       "    </tr>\n",
       "    <tr>\n",
       "      <td>bathrooms</td>\n",
       "      <td>0.005162</td>\n",
       "      <td>0.525906</td>\n",
       "      <td>0.514508</td>\n",
       "      <td>1.000000</td>\n",
       "      <td>0.755758</td>\n",
       "      <td>0.088373</td>\n",
       "      <td>0.502582</td>\n",
       "      <td>0.067282</td>\n",
       "      <td>0.186451</td>\n",
       "      <td>-0.126479</td>\n",
       "      <td>0.665838</td>\n",
       "      <td>0.686668</td>\n",
       "      <td>0.507173</td>\n",
       "      <td>0.051050</td>\n",
       "      <td>-0.204786</td>\n",
       "      <td>0.024280</td>\n",
       "      <td>0.224903</td>\n",
       "      <td>0.569884</td>\n",
       "      <td>0.088303</td>\n",
       "      <td>-0.026577</td>\n",
       "    </tr>\n",
       "    <tr>\n",
       "      <td>sqft_living</td>\n",
       "      <td>-0.012241</td>\n",
       "      <td>0.701917</td>\n",
       "      <td>0.578212</td>\n",
       "      <td>0.755758</td>\n",
       "      <td>1.000000</td>\n",
       "      <td>0.173453</td>\n",
       "      <td>0.353953</td>\n",
       "      <td>0.110230</td>\n",
       "      <td>0.282532</td>\n",
       "      <td>-0.059445</td>\n",
       "      <td>0.762779</td>\n",
       "      <td>0.876448</td>\n",
       "      <td>0.318152</td>\n",
       "      <td>0.055660</td>\n",
       "      <td>-0.199802</td>\n",
       "      <td>0.052155</td>\n",
       "      <td>0.241214</td>\n",
       "      <td>0.756402</td>\n",
       "      <td>0.184342</td>\n",
       "      <td>-0.029014</td>\n",
       "    </tr>\n",
       "    <tr>\n",
       "      <td>sqft_lot</td>\n",
       "      <td>-0.131911</td>\n",
       "      <td>0.089876</td>\n",
       "      <td>0.032471</td>\n",
       "      <td>0.088373</td>\n",
       "      <td>0.173453</td>\n",
       "      <td>1.000000</td>\n",
       "      <td>-0.004814</td>\n",
       "      <td>0.023143</td>\n",
       "      <td>0.075298</td>\n",
       "      <td>-0.008830</td>\n",
       "      <td>0.114731</td>\n",
       "      <td>0.184139</td>\n",
       "      <td>0.052946</td>\n",
       "      <td>0.004513</td>\n",
       "      <td>-0.129586</td>\n",
       "      <td>-0.085514</td>\n",
       "      <td>0.230227</td>\n",
       "      <td>0.144763</td>\n",
       "      <td>0.718204</td>\n",
       "      <td>0.005628</td>\n",
       "    </tr>\n",
       "    <tr>\n",
       "      <td>floors</td>\n",
       "      <td>0.018608</td>\n",
       "      <td>0.256804</td>\n",
       "      <td>0.177944</td>\n",
       "      <td>0.502582</td>\n",
       "      <td>0.353953</td>\n",
       "      <td>-0.004814</td>\n",
       "      <td>1.000000</td>\n",
       "      <td>0.021883</td>\n",
       "      <td>0.028436</td>\n",
       "      <td>-0.264075</td>\n",
       "      <td>0.458794</td>\n",
       "      <td>0.523989</td>\n",
       "      <td>0.489193</td>\n",
       "      <td>0.003535</td>\n",
       "      <td>-0.059541</td>\n",
       "      <td>0.049239</td>\n",
       "      <td>0.125943</td>\n",
       "      <td>0.280102</td>\n",
       "      <td>-0.010722</td>\n",
       "      <td>-0.022352</td>\n",
       "    </tr>\n",
       "    <tr>\n",
       "      <td>waterfront</td>\n",
       "      <td>-0.004176</td>\n",
       "      <td>0.276295</td>\n",
       "      <td>-0.002386</td>\n",
       "      <td>0.067282</td>\n",
       "      <td>0.110230</td>\n",
       "      <td>0.023143</td>\n",
       "      <td>0.021883</td>\n",
       "      <td>1.000000</td>\n",
       "      <td>0.406654</td>\n",
       "      <td>0.017642</td>\n",
       "      <td>0.087383</td>\n",
       "      <td>0.075463</td>\n",
       "      <td>-0.026079</td>\n",
       "      <td>0.087244</td>\n",
       "      <td>0.031057</td>\n",
       "      <td>-0.012772</td>\n",
       "      <td>-0.039864</td>\n",
       "      <td>0.088860</td>\n",
       "      <td>0.032002</td>\n",
       "      <td>-0.005163</td>\n",
       "    </tr>\n",
       "    <tr>\n",
       "      <td>view</td>\n",
       "      <td>0.011592</td>\n",
       "      <td>0.395734</td>\n",
       "      <td>0.078523</td>\n",
       "      <td>0.186451</td>\n",
       "      <td>0.282532</td>\n",
       "      <td>0.075298</td>\n",
       "      <td>0.028436</td>\n",
       "      <td>0.406654</td>\n",
       "      <td>1.000000</td>\n",
       "      <td>0.045735</td>\n",
       "      <td>0.249727</td>\n",
       "      <td>0.166299</td>\n",
       "      <td>-0.054564</td>\n",
       "      <td>0.100964</td>\n",
       "      <td>0.085277</td>\n",
       "      <td>0.006141</td>\n",
       "      <td>-0.077894</td>\n",
       "      <td>0.279561</td>\n",
       "      <td>0.073332</td>\n",
       "      <td>0.001504</td>\n",
       "    </tr>\n",
       "    <tr>\n",
       "      <td>condition</td>\n",
       "      <td>-0.023803</td>\n",
       "      <td>0.036056</td>\n",
       "      <td>0.026496</td>\n",
       "      <td>-0.126479</td>\n",
       "      <td>-0.059445</td>\n",
       "      <td>-0.008830</td>\n",
       "      <td>-0.264075</td>\n",
       "      <td>0.017642</td>\n",
       "      <td>0.045735</td>\n",
       "      <td>1.000000</td>\n",
       "      <td>-0.146896</td>\n",
       "      <td>-0.158904</td>\n",
       "      <td>-0.361592</td>\n",
       "      <td>-0.061858</td>\n",
       "      <td>0.002888</td>\n",
       "      <td>-0.015102</td>\n",
       "      <td>-0.105877</td>\n",
       "      <td>-0.093072</td>\n",
       "      <td>-0.003126</td>\n",
       "      <td>-0.045898</td>\n",
       "    </tr>\n",
       "    <tr>\n",
       "      <td>grade</td>\n",
       "      <td>0.008188</td>\n",
       "      <td>0.667951</td>\n",
       "      <td>0.356563</td>\n",
       "      <td>0.665838</td>\n",
       "      <td>0.762779</td>\n",
       "      <td>0.114731</td>\n",
       "      <td>0.458794</td>\n",
       "      <td>0.087383</td>\n",
       "      <td>0.249727</td>\n",
       "      <td>-0.146896</td>\n",
       "      <td>1.000000</td>\n",
       "      <td>0.756073</td>\n",
       "      <td>0.447865</td>\n",
       "      <td>0.016669</td>\n",
       "      <td>-0.185771</td>\n",
       "      <td>0.113575</td>\n",
       "      <td>0.200341</td>\n",
       "      <td>0.713867</td>\n",
       "      <td>0.120981</td>\n",
       "      <td>-0.030635</td>\n",
       "    </tr>\n",
       "    <tr>\n",
       "      <td>sqft_above</td>\n",
       "      <td>-0.010799</td>\n",
       "      <td>0.605368</td>\n",
       "      <td>0.479386</td>\n",
       "      <td>0.686668</td>\n",
       "      <td>0.876448</td>\n",
       "      <td>0.184139</td>\n",
       "      <td>0.523989</td>\n",
       "      <td>0.075463</td>\n",
       "      <td>0.166299</td>\n",
       "      <td>-0.158904</td>\n",
       "      <td>0.756073</td>\n",
       "      <td>1.000000</td>\n",
       "      <td>0.424037</td>\n",
       "      <td>0.022137</td>\n",
       "      <td>-0.261570</td>\n",
       "      <td>-0.001199</td>\n",
       "      <td>0.344842</td>\n",
       "      <td>0.731767</td>\n",
       "      <td>0.195077</td>\n",
       "      <td>-0.023782</td>\n",
       "    </tr>\n",
       "    <tr>\n",
       "      <td>yr_built</td>\n",
       "      <td>0.021617</td>\n",
       "      <td>0.053953</td>\n",
       "      <td>0.155670</td>\n",
       "      <td>0.507173</td>\n",
       "      <td>0.318152</td>\n",
       "      <td>0.052946</td>\n",
       "      <td>0.489193</td>\n",
       "      <td>-0.026079</td>\n",
       "      <td>-0.054564</td>\n",
       "      <td>-0.361592</td>\n",
       "      <td>0.447865</td>\n",
       "      <td>0.424037</td>\n",
       "      <td>1.000000</td>\n",
       "      <td>-0.225209</td>\n",
       "      <td>-0.347210</td>\n",
       "      <td>-0.148370</td>\n",
       "      <td>0.409993</td>\n",
       "      <td>0.326377</td>\n",
       "      <td>0.070777</td>\n",
       "      <td>0.003574</td>\n",
       "    </tr>\n",
       "    <tr>\n",
       "      <td>yr_renovated</td>\n",
       "      <td>-0.012010</td>\n",
       "      <td>0.129599</td>\n",
       "      <td>0.018495</td>\n",
       "      <td>0.051050</td>\n",
       "      <td>0.055660</td>\n",
       "      <td>0.004513</td>\n",
       "      <td>0.003535</td>\n",
       "      <td>0.087244</td>\n",
       "      <td>0.100964</td>\n",
       "      <td>-0.061858</td>\n",
       "      <td>0.016669</td>\n",
       "      <td>0.022137</td>\n",
       "      <td>-0.225209</td>\n",
       "      <td>1.000000</td>\n",
       "      <td>0.069846</td>\n",
       "      <td>0.032145</td>\n",
       "      <td>-0.072156</td>\n",
       "      <td>-0.000247</td>\n",
       "      <td>0.003852</td>\n",
       "      <td>-0.021990</td>\n",
       "    </tr>\n",
       "    <tr>\n",
       "      <td>zipcode</td>\n",
       "      <td>-0.008211</td>\n",
       "      <td>-0.053402</td>\n",
       "      <td>-0.154092</td>\n",
       "      <td>-0.204786</td>\n",
       "      <td>-0.199802</td>\n",
       "      <td>-0.129586</td>\n",
       "      <td>-0.059541</td>\n",
       "      <td>0.031057</td>\n",
       "      <td>0.085277</td>\n",
       "      <td>0.002888</td>\n",
       "      <td>-0.185771</td>\n",
       "      <td>-0.261570</td>\n",
       "      <td>-0.347210</td>\n",
       "      <td>0.069846</td>\n",
       "      <td>1.000000</td>\n",
       "      <td>0.266742</td>\n",
       "      <td>-0.564259</td>\n",
       "      <td>-0.279299</td>\n",
       "      <td>-0.147294</td>\n",
       "      <td>0.001290</td>\n",
       "    </tr>\n",
       "    <tr>\n",
       "      <td>lat</td>\n",
       "      <td>-0.001798</td>\n",
       "      <td>0.306692</td>\n",
       "      <td>-0.009951</td>\n",
       "      <td>0.024280</td>\n",
       "      <td>0.052155</td>\n",
       "      <td>-0.085514</td>\n",
       "      <td>0.049239</td>\n",
       "      <td>-0.012772</td>\n",
       "      <td>0.006141</td>\n",
       "      <td>-0.015102</td>\n",
       "      <td>0.113575</td>\n",
       "      <td>-0.001199</td>\n",
       "      <td>-0.148370</td>\n",
       "      <td>0.032145</td>\n",
       "      <td>0.266742</td>\n",
       "      <td>1.000000</td>\n",
       "      <td>-0.135371</td>\n",
       "      <td>0.048679</td>\n",
       "      <td>-0.086139</td>\n",
       "      <td>-0.029003</td>\n",
       "    </tr>\n",
       "    <tr>\n",
       "      <td>long</td>\n",
       "      <td>0.020672</td>\n",
       "      <td>0.022036</td>\n",
       "      <td>0.132054</td>\n",
       "      <td>0.224903</td>\n",
       "      <td>0.241214</td>\n",
       "      <td>0.230227</td>\n",
       "      <td>0.125943</td>\n",
       "      <td>-0.039864</td>\n",
       "      <td>-0.077894</td>\n",
       "      <td>-0.105877</td>\n",
       "      <td>0.200341</td>\n",
       "      <td>0.344842</td>\n",
       "      <td>0.409993</td>\n",
       "      <td>-0.072156</td>\n",
       "      <td>-0.564259</td>\n",
       "      <td>-0.135371</td>\n",
       "      <td>1.000000</td>\n",
       "      <td>0.335626</td>\n",
       "      <td>0.255586</td>\n",
       "      <td>0.000296</td>\n",
       "    </tr>\n",
       "    <tr>\n",
       "      <td>sqft_living15</td>\n",
       "      <td>-0.002701</td>\n",
       "      <td>0.585241</td>\n",
       "      <td>0.393406</td>\n",
       "      <td>0.569884</td>\n",
       "      <td>0.756402</td>\n",
       "      <td>0.144763</td>\n",
       "      <td>0.280102</td>\n",
       "      <td>0.088860</td>\n",
       "      <td>0.279561</td>\n",
       "      <td>-0.093072</td>\n",
       "      <td>0.713867</td>\n",
       "      <td>0.731767</td>\n",
       "      <td>0.326377</td>\n",
       "      <td>-0.000247</td>\n",
       "      <td>-0.279299</td>\n",
       "      <td>0.048679</td>\n",
       "      <td>0.335626</td>\n",
       "      <td>1.000000</td>\n",
       "      <td>0.183515</td>\n",
       "      <td>-0.021549</td>\n",
       "    </tr>\n",
       "    <tr>\n",
       "      <td>sqft_lot15</td>\n",
       "      <td>-0.138557</td>\n",
       "      <td>0.082845</td>\n",
       "      <td>0.030690</td>\n",
       "      <td>0.088303</td>\n",
       "      <td>0.184342</td>\n",
       "      <td>0.718204</td>\n",
       "      <td>-0.010722</td>\n",
       "      <td>0.032002</td>\n",
       "      <td>0.073332</td>\n",
       "      <td>-0.003126</td>\n",
       "      <td>0.120981</td>\n",
       "      <td>0.195077</td>\n",
       "      <td>0.070777</td>\n",
       "      <td>0.003852</td>\n",
       "      <td>-0.147294</td>\n",
       "      <td>-0.086139</td>\n",
       "      <td>0.255586</td>\n",
       "      <td>0.183515</td>\n",
       "      <td>1.000000</td>\n",
       "      <td>0.000162</td>\n",
       "    </tr>\n",
       "    <tr>\n",
       "      <td>year</td>\n",
       "      <td>0.009915</td>\n",
       "      <td>0.003727</td>\n",
       "      <td>-0.009949</td>\n",
       "      <td>-0.026577</td>\n",
       "      <td>-0.029014</td>\n",
       "      <td>0.005628</td>\n",
       "      <td>-0.022352</td>\n",
       "      <td>-0.005163</td>\n",
       "      <td>0.001504</td>\n",
       "      <td>-0.045898</td>\n",
       "      <td>-0.030635</td>\n",
       "      <td>-0.023782</td>\n",
       "      <td>0.003574</td>\n",
       "      <td>-0.021990</td>\n",
       "      <td>0.001290</td>\n",
       "      <td>-0.029003</td>\n",
       "      <td>0.000296</td>\n",
       "      <td>-0.021549</td>\n",
       "      <td>0.000162</td>\n",
       "      <td>1.000000</td>\n",
       "    </tr>\n",
       "  </tbody>\n",
       "</table>\n",
       "</div>"
      ],
      "text/plain": [
       "                     id     price  bedrooms  bathrooms  sqft_living  sqft_lot  \\\n",
       "id             1.000000 -0.016772  0.001150   0.005162    -0.012241 -0.131911   \n",
       "price         -0.016772  1.000000  0.308787   0.525906     0.701917  0.089876   \n",
       "bedrooms       0.001150  0.308787  1.000000   0.514508     0.578212  0.032471   \n",
       "bathrooms      0.005162  0.525906  0.514508   1.000000     0.755758  0.088373   \n",
       "sqft_living   -0.012241  0.701917  0.578212   0.755758     1.000000  0.173453   \n",
       "sqft_lot      -0.131911  0.089876  0.032471   0.088373     0.173453  1.000000   \n",
       "floors         0.018608  0.256804  0.177944   0.502582     0.353953 -0.004814   \n",
       "waterfront    -0.004176  0.276295 -0.002386   0.067282     0.110230  0.023143   \n",
       "view           0.011592  0.395734  0.078523   0.186451     0.282532  0.075298   \n",
       "condition     -0.023803  0.036056  0.026496  -0.126479    -0.059445 -0.008830   \n",
       "grade          0.008188  0.667951  0.356563   0.665838     0.762779  0.114731   \n",
       "sqft_above    -0.010799  0.605368  0.479386   0.686668     0.876448  0.184139   \n",
       "yr_built       0.021617  0.053953  0.155670   0.507173     0.318152  0.052946   \n",
       "yr_renovated  -0.012010  0.129599  0.018495   0.051050     0.055660  0.004513   \n",
       "zipcode       -0.008211 -0.053402 -0.154092  -0.204786    -0.199802 -0.129586   \n",
       "lat           -0.001798  0.306692 -0.009951   0.024280     0.052155 -0.085514   \n",
       "long           0.020672  0.022036  0.132054   0.224903     0.241214  0.230227   \n",
       "sqft_living15 -0.002701  0.585241  0.393406   0.569884     0.756402  0.144763   \n",
       "sqft_lot15    -0.138557  0.082845  0.030690   0.088303     0.184342  0.718204   \n",
       "year           0.009915  0.003727 -0.009949  -0.026577    -0.029014  0.005628   \n",
       "\n",
       "                 floors  waterfront      view  condition     grade  \\\n",
       "id             0.018608   -0.004176  0.011592  -0.023803  0.008188   \n",
       "price          0.256804    0.276295  0.395734   0.036056  0.667951   \n",
       "bedrooms       0.177944   -0.002386  0.078523   0.026496  0.356563   \n",
       "bathrooms      0.502582    0.067282  0.186451  -0.126479  0.665838   \n",
       "sqft_living    0.353953    0.110230  0.282532  -0.059445  0.762779   \n",
       "sqft_lot      -0.004814    0.023143  0.075298  -0.008830  0.114731   \n",
       "floors         1.000000    0.021883  0.028436  -0.264075  0.458794   \n",
       "waterfront     0.021883    1.000000  0.406654   0.017642  0.087383   \n",
       "view           0.028436    0.406654  1.000000   0.045735  0.249727   \n",
       "condition     -0.264075    0.017642  0.045735   1.000000 -0.146896   \n",
       "grade          0.458794    0.087383  0.249727  -0.146896  1.000000   \n",
       "sqft_above     0.523989    0.075463  0.166299  -0.158904  0.756073   \n",
       "yr_built       0.489193   -0.026079 -0.054564  -0.361592  0.447865   \n",
       "yr_renovated   0.003535    0.087244  0.100964  -0.061858  0.016669   \n",
       "zipcode       -0.059541    0.031057  0.085277   0.002888 -0.185771   \n",
       "lat            0.049239   -0.012772  0.006141  -0.015102  0.113575   \n",
       "long           0.125943   -0.039864 -0.077894  -0.105877  0.200341   \n",
       "sqft_living15  0.280102    0.088860  0.279561  -0.093072  0.713867   \n",
       "sqft_lot15    -0.010722    0.032002  0.073332  -0.003126  0.120981   \n",
       "year          -0.022352   -0.005163  0.001504  -0.045898 -0.030635   \n",
       "\n",
       "               sqft_above  yr_built  yr_renovated   zipcode       lat  \\\n",
       "id              -0.010799  0.021617     -0.012010 -0.008211 -0.001798   \n",
       "price            0.605368  0.053953      0.129599 -0.053402  0.306692   \n",
       "bedrooms         0.479386  0.155670      0.018495 -0.154092 -0.009951   \n",
       "bathrooms        0.686668  0.507173      0.051050 -0.204786  0.024280   \n",
       "sqft_living      0.876448  0.318152      0.055660 -0.199802  0.052155   \n",
       "sqft_lot         0.184139  0.052946      0.004513 -0.129586 -0.085514   \n",
       "floors           0.523989  0.489193      0.003535 -0.059541  0.049239   \n",
       "waterfront       0.075463 -0.026079      0.087244  0.031057 -0.012772   \n",
       "view             0.166299 -0.054564      0.100964  0.085277  0.006141   \n",
       "condition       -0.158904 -0.361592     -0.061858  0.002888 -0.015102   \n",
       "grade            0.756073  0.447865      0.016669 -0.185771  0.113575   \n",
       "sqft_above       1.000000  0.424037      0.022137 -0.261570 -0.001199   \n",
       "yr_built         0.424037  1.000000     -0.225209 -0.347210 -0.148370   \n",
       "yr_renovated     0.022137 -0.225209      1.000000  0.069846  0.032145   \n",
       "zipcode         -0.261570 -0.347210      0.069846  1.000000  0.266742   \n",
       "lat             -0.001199 -0.148370      0.032145  0.266742  1.000000   \n",
       "long             0.344842  0.409993     -0.072156 -0.564259 -0.135371   \n",
       "sqft_living15    0.731767  0.326377     -0.000247 -0.279299  0.048679   \n",
       "sqft_lot15       0.195077  0.070777      0.003852 -0.147294 -0.086139   \n",
       "year            -0.023782  0.003574     -0.021990  0.001290 -0.029003   \n",
       "\n",
       "                   long  sqft_living15  sqft_lot15      year  \n",
       "id             0.020672      -0.002701   -0.138557  0.009915  \n",
       "price          0.022036       0.585241    0.082845  0.003727  \n",
       "bedrooms       0.132054       0.393406    0.030690 -0.009949  \n",
       "bathrooms      0.224903       0.569884    0.088303 -0.026577  \n",
       "sqft_living    0.241214       0.756402    0.184342 -0.029014  \n",
       "sqft_lot       0.230227       0.144763    0.718204  0.005628  \n",
       "floors         0.125943       0.280102   -0.010722 -0.022352  \n",
       "waterfront    -0.039864       0.088860    0.032002 -0.005163  \n",
       "view          -0.077894       0.279561    0.073332  0.001504  \n",
       "condition     -0.105877      -0.093072   -0.003126 -0.045898  \n",
       "grade          0.200341       0.713867    0.120981 -0.030635  \n",
       "sqft_above     0.344842       0.731767    0.195077 -0.023782  \n",
       "yr_built       0.409993       0.326377    0.070777  0.003574  \n",
       "yr_renovated  -0.072156      -0.000247    0.003852 -0.021990  \n",
       "zipcode       -0.564259      -0.279299   -0.147294  0.001290  \n",
       "lat           -0.135371       0.048679   -0.086139 -0.029003  \n",
       "long           1.000000       0.335626    0.255586  0.000296  \n",
       "sqft_living15  0.335626       1.000000    0.183515 -0.021549  \n",
       "sqft_lot15     0.255586       0.183515    1.000000  0.000162  \n",
       "year           0.000296      -0.021549    0.000162  1.000000  "
      ]
     },
     "execution_count": 75,
     "metadata": {},
     "output_type": "execute_result"
    }
   ],
   "source": [
    "df.corr()"
   ]
  },
  {
   "cell_type": "code",
   "execution_count": null,
   "metadata": {},
   "outputs": [],
   "source": []
  },
  {
   "cell_type": "code",
   "execution_count": 8,
   "metadata": {
    "scrolled": false
   },
   "outputs": [
    {
     "data": {
      "text/plain": [
       "<bound method Series.unique of 0        98178\n",
       "1        98125\n",
       "2        98028\n",
       "3        98136\n",
       "4        98074\n",
       "         ...  \n",
       "21592    98103\n",
       "21593    98146\n",
       "21594    98144\n",
       "21595    98027\n",
       "21596    98144\n",
       "Name: zipcode, Length: 21597, dtype: int64>"
      ]
     },
     "execution_count": 8,
     "metadata": {},
     "output_type": "execute_result"
    }
   ],
   "source": [
    "df.zipcode.unique"
   ]
  },
  {
   "cell_type": "code",
   "execution_count": 42,
   "metadata": {},
   "outputs": [
    {
     "data": {
      "text/html": [
       "<div>\n",
       "<style scoped>\n",
       "    .dataframe tbody tr th:only-of-type {\n",
       "        vertical-align: middle;\n",
       "    }\n",
       "\n",
       "    .dataframe tbody tr th {\n",
       "        vertical-align: top;\n",
       "    }\n",
       "\n",
       "    .dataframe thead th {\n",
       "        text-align: right;\n",
       "    }\n",
       "</style>\n",
       "<table border=\"1\" class=\"dataframe\">\n",
       "  <thead>\n",
       "    <tr style=\"text-align: right;\">\n",
       "      <th></th>\n",
       "      <th>date</th>\n",
       "      <th>price</th>\n",
       "      <th>zipcode</th>\n",
       "    </tr>\n",
       "  </thead>\n",
       "  <tbody>\n",
       "    <tr>\n",
       "      <td>1013</td>\n",
       "      <td>9/9/2014</td>\n",
       "      <td>429000.0</td>\n",
       "      <td>98122</td>\n",
       "    </tr>\n",
       "    <tr>\n",
       "      <td>9932</td>\n",
       "      <td>9/9/2014</td>\n",
       "      <td>689000.0</td>\n",
       "      <td>98146</td>\n",
       "    </tr>\n",
       "    <tr>\n",
       "      <td>17592</td>\n",
       "      <td>9/9/2014</td>\n",
       "      <td>527000.0</td>\n",
       "      <td>98056</td>\n",
       "    </tr>\n",
       "    <tr>\n",
       "      <td>18353</td>\n",
       "      <td>9/9/2014</td>\n",
       "      <td>1140000.0</td>\n",
       "      <td>98199</td>\n",
       "    </tr>\n",
       "    <tr>\n",
       "      <td>8113</td>\n",
       "      <td>9/9/2014</td>\n",
       "      <td>450000.0</td>\n",
       "      <td>98118</td>\n",
       "    </tr>\n",
       "    <tr>\n",
       "      <td>...</td>\n",
       "      <td>...</td>\n",
       "      <td>...</td>\n",
       "      <td>...</td>\n",
       "    </tr>\n",
       "    <tr>\n",
       "      <td>16071</td>\n",
       "      <td>1/12/2015</td>\n",
       "      <td>449000.0</td>\n",
       "      <td>98028</td>\n",
       "    </tr>\n",
       "    <tr>\n",
       "      <td>7946</td>\n",
       "      <td>1/12/2015</td>\n",
       "      <td>920000.0</td>\n",
       "      <td>98053</td>\n",
       "    </tr>\n",
       "    <tr>\n",
       "      <td>14571</td>\n",
       "      <td>1/12/2015</td>\n",
       "      <td>984000.0</td>\n",
       "      <td>98040</td>\n",
       "    </tr>\n",
       "    <tr>\n",
       "      <td>13533</td>\n",
       "      <td>1/12/2015</td>\n",
       "      <td>415000.0</td>\n",
       "      <td>98038</td>\n",
       "    </tr>\n",
       "    <tr>\n",
       "      <td>12076</td>\n",
       "      <td>1/10/2015</td>\n",
       "      <td>325000.0</td>\n",
       "      <td>98042</td>\n",
       "    </tr>\n",
       "  </tbody>\n",
       "</table>\n",
       "<p>21597 rows × 3 columns</p>\n",
       "</div>"
      ],
      "text/plain": [
       "            date      price  zipcode\n",
       "1013    9/9/2014   429000.0    98122\n",
       "9932    9/9/2014   689000.0    98146\n",
       "17592   9/9/2014   527000.0    98056\n",
       "18353   9/9/2014  1140000.0    98199\n",
       "8113    9/9/2014   450000.0    98118\n",
       "...          ...        ...      ...\n",
       "16071  1/12/2015   449000.0    98028\n",
       "7946   1/12/2015   920000.0    98053\n",
       "14571  1/12/2015   984000.0    98040\n",
       "13533  1/12/2015   415000.0    98038\n",
       "12076  1/10/2015   325000.0    98042\n",
       "\n",
       "[21597 rows x 3 columns]"
      ]
     },
     "execution_count": 42,
     "metadata": {},
     "output_type": "execute_result"
    }
   ],
   "source": [
    "df_date = df[['date', 'price', 'zipcode']].copy()\n",
    "\n",
    "df_date.sort_values(by='date', ascending=False)\n",
    "\n",
    "\n"
   ]
  },
  {
   "cell_type": "code",
   "execution_count": 54,
   "metadata": {},
   "outputs": [
    {
     "data": {
      "text/html": [
       "<div>\n",
       "<style scoped>\n",
       "    .dataframe tbody tr th:only-of-type {\n",
       "        vertical-align: middle;\n",
       "    }\n",
       "\n",
       "    .dataframe tbody tr th {\n",
       "        vertical-align: top;\n",
       "    }\n",
       "\n",
       "    .dataframe thead th {\n",
       "        text-align: right;\n",
       "    }\n",
       "</style>\n",
       "<table border=\"1\" class=\"dataframe\">\n",
       "  <thead>\n",
       "    <tr style=\"text-align: right;\">\n",
       "      <th></th>\n",
       "      <th>id</th>\n",
       "      <th>date</th>\n",
       "      <th>price</th>\n",
       "      <th>bedrooms</th>\n",
       "      <th>bathrooms</th>\n",
       "      <th>sqft_living</th>\n",
       "      <th>sqft_lot</th>\n",
       "      <th>floors</th>\n",
       "      <th>waterfront</th>\n",
       "      <th>view</th>\n",
       "      <th>...</th>\n",
       "      <th>sqft_above</th>\n",
       "      <th>sqft_basement</th>\n",
       "      <th>yr_built</th>\n",
       "      <th>yr_renovated</th>\n",
       "      <th>zipcode</th>\n",
       "      <th>lat</th>\n",
       "      <th>long</th>\n",
       "      <th>sqft_living15</th>\n",
       "      <th>sqft_lot15</th>\n",
       "      <th>year</th>\n",
       "    </tr>\n",
       "  </thead>\n",
       "  <tbody>\n",
       "    <tr>\n",
       "      <td>0</td>\n",
       "      <td>7129300520</td>\n",
       "      <td>2014-10-13</td>\n",
       "      <td>221900.0</td>\n",
       "      <td>3</td>\n",
       "      <td>1.00</td>\n",
       "      <td>1180</td>\n",
       "      <td>5650</td>\n",
       "      <td>1.0</td>\n",
       "      <td>NaN</td>\n",
       "      <td>0.0</td>\n",
       "      <td>...</td>\n",
       "      <td>1180</td>\n",
       "      <td>0.0</td>\n",
       "      <td>1955</td>\n",
       "      <td>0.0</td>\n",
       "      <td>98178</td>\n",
       "      <td>47.5112</td>\n",
       "      <td>-122.257</td>\n",
       "      <td>1340</td>\n",
       "      <td>5650</td>\n",
       "      <td>2014</td>\n",
       "    </tr>\n",
       "    <tr>\n",
